10135	11.0 23.0 5.923077
10136	0.0 76.0 8.956522
10140	0.0 126.0 8.347561
10141	4.0 22.0 5.2
10146	12.0 34.0 12.125
10155	4.0 74.0 13.882353
10157	0.0 96.0 11.411765
10158	2.0 147.0 24.516129
10165	0.0 0.0 0.0
10170	54.0 76.0 43.333332
10185	1.0 55.0 5.0
10208	0.0 246.0 13.15
10257	1.0 241.0 15.627119
10268	2.0 223.0 78.8
10279	1.0 95.0 13.415094
10299	0.0 375.0 10.48718
10333	0.0 0.0 0.0
10372	5.0 136.0 21.306452
10397	0.0 653.0 10.126071
10408	3.0 146.0 16.88
10423	0.0 340.0 13.8662615
10431	0.0 152.0 13.444445
10434	0.0 20.0 4.7
10469	0.0 122.0 23.0
10529	0.0 293.0 15.732484
10551	9.0 9.0 1.2857143
10561	3.0 141.0 22.84
10599	0.0 154.0 12.914286
10620	0.0 58.0 11.7
10627	0.0 272.0 14.8
10631	2.0 4.0 1.0
10666	3.0 20.0 4.6
10685	0.0 241.0 27.043478
10693	0.0 391.0 12.583554
10713	0.0 122.0 15.699029
10721	0.0 292.0 14.418269
10728	0.0 36.0 17.625
10731	1.0 187.0 23.5
10732	3.0 109.0 10.538462
10739	6.0 6.0 1.5
10747	6.0 51.0 7.105263
10754	2.0 306.0 40.8
10779	0.0 12.0 3.5
10781	0.0 200.0 17.35
10785	2.0 144.0 23.809525
10792	0.0 128.0 10.974576
10800	0.0 192.0 11.795031
10821	0.0 475.0 12.327868
10849	0.0 214.0 24.625
10868	0.0 119.0 15.6603775
10874	0.0 83.0 6.3846154
10918	1.0 15.0 3.2
10926	1.0 151.0 15.2
10930	20.0 138.0 34.0
10980	2.0 124.0 13.172414
10990	2.0 173.0 46.31579
10994	0.0 198.0 8.813953
11003	3.0 206.0 25.25
11013	3.0 123.0 34.25
11041	1.0 24.0 4.2
11042	0.0 326.0 18.235495
11049	1.0 40.0 8.181818
11057	0.0 263.0 10.099021
11066	0.0 315.0 20.924623
11067	0.0 129.0 28.7
11076	2.0 69.0 26.833334
11092	0.0 0.0 0.0
11097	0.0 25.0 4.6666665
11109	0.0 224.0 27.174603
11111	0.0 380.0 42.727272
11122	2.0 98.0 7.7058825
11140	0.0 89.0 11.764706
11146	1.0 20.0 6.3076925
11150	19.0 63.0 19.875
11193	0.0 179.0 15.27647
11203	2.0 150.0 27.363636
11252	2.0 49.0 7.1538463
11259	0.0 278.0 10.727835
11267	0.0 218.0 11.69863
11274	0.0 83.0 16.75
11278	0.0 396.0 12.085107
11292	0.0 420.0 15.42355
11298	0.0 1201.0 17.74577
11308	12.0 91.0 20.181818
11315	5.0 175.0 20.09091
11337	0.0 177.0 26.538462
11413	4.0 122.0 13.333333
11423	0.0 167.0 18.792208
11433	0.0 514.0 12.182693
11447	13.0 114.0 31.75
11471	3.0 264.0 63.285713
11481	0.0 31.0 3.2666667
11503	0.0 124.0 20.48
11525	10.0 59.0 13.333333
11537	1.0 64.0 17.875
11540	0.0 140.0 12.494845
11577	3.0 70.0 11.6
11587	35.0 245.0 56.0
11603	0.0 94.0 14.242424
11612	0.0 101.0 15.24138
11617	0.0 0.0 0.0
11618	0.0 557.0 16.131378
11624	0.0 3.0 0.13043478
11630	2.0 38.0 3.5625
11637	0.0 127.0 15.693877
11638	0.0 82.0 12.307693
11641	0.0 41.0 4.0
11648	4.0 77.0 17.583334
11695	3.0 112.0 16.785715
11697	0.0 269.0 10.625
11721	0.0 171.0 8.5
11775	1.0 165.0 22.180328
11778	4.0 93.0 8.157895
11823	0.0 129.0 15.666667
11865	8.0 56.0 12.583333
11867	22.0 22.0 3.6666667
11884	1.0 117.0 8.410959
11898	2.0 7.0 2.25
11905	12.0 92.0 29.2
11921	0.0 39.0 4.08
11953	0.0 86.0 7.0869565
11973	2.0 113.0 10.837838
11977	0.0 113.0 14.414634
11980	5.0 38.0 9.833333
11982	0.0 148.0 11.657895
11986	0.0 313.0 19.5
11995	0.0 307.0 16.830769
11996	0.0 149.0 16.849056
12003	1.0 89.0 15.9375
12007	11.0 42.0 7.571429
12012	42.0 154.0 39.2
12016	4.0 22.0 13.0
12094	0.0 48.0 9.3529415
12129	0.0 51.0 11.125
12156	6.0 28.0 2.8333333
12173	0.0 1013.0 12.02046
12177	2.0 73.0 20.0
12191	0.0 171.0 8.865096
12197	0.0 233.0 17.348484
12206	0.0 53.0 7.172414
12217	0.0 159.0 19.765957
12255	13.0 15.0 5.6
12264	0.0 256.0 12.587079
12265	26.0 38.0 21.333334
12266	0.0 464.0 14.471043
12278	0.0 186.0 22.944445
12280	3.0 103.0 21.833334
12320	5.0 5.0 2.5
12323	0.0 95.0 7.3076925
12335	69.0 114.0 36.6
12339	0.0 262.0 13.277273
12343	0.0 33.0 5.5
12389	0.0 89.0 19.2
12391	0.0 240.0 14.023809
12402	0.0 44.0 3.66
12441	0.0 320.0 23.205128
12448	0.0 97.0 11.142858
12451	0.0 142.0 10.5125
12478	0.0 395.0 16.300896
12511	12.0 47.0 15.166667
12519	5.0 104.0 45.833332
12523	1.0 51.0 2.7391305
12758	0.0 148.0 7.3653846
12819	0.0 43.0 6.9615383
12884	0.0 47.0 12.0625
12888	49.0 161.0 30.0
12889	0.0 251.0 9.546174
12891	10.0 45.0 11.75
12892	0.0 462.0 11.5899105
12896	0.0 81.0 12.88
12898	2.0 94.0 13.888889
12915	7.0 43.0 7.2
12945	0.0 136.0 14.702127
12951	0.0 92.0 10.77551
12953	0.0 331.0 18.66401
12954	0.0 121.0 8.592592
12982	0.0 195.0 9.054348
12992	0.0 205.0 19.010204
13029	0.0 123.0 14.8
13061	2.0 172.0 18.722221
13076	8.0 68.0 24.416666
13127	0.0 0.0 0.0
13158	0.0 153.0 10.369863
13184	0.0 81.0 20.8125
13198	0.0 236.0 11.352409
13204	0.0 306.0 12.028895
13230	1.0 124.0 19.133333
13232	0.0 206.0 10.274961
13241	11.0 246.0 29.88889
13244	0.0 188.0 13.592
13256	0.0 142.0 23.72973
13264	3.0 84.0 10.857142
13277	3.0 60.0 5.928571
13290	2.0 111.0 13.142858
13296	0.0 110.0 14.212766
13303	0.0 237.0 13.105183
13342	0.0 215.0 8.726891
13344	14.0 81.0 23.75
13360	3.0 9.0 1.0909091
13367	0.0 205.0 22.804878
13377	0.0 161.0 23.0
13388	27.0 27.0 6.75
13422	5.0 100.0 10.289474
13433	2.0 61.0 10.714286
13459	175.0 175.0 58.333332
13476	2.0 186.0 16.942858
13485	0.0 251.0 20.68493
13486	4.0 7.0 1.6363636
13487	0.0 371.0 10.43673
13495	0.0 199.0 9.076696
13502	0.0 137.0 14.708333
13577	0.0 104.0 14.130435
13795	2.0 33.0 5.5454545
13796	0.0 176.0 9.994565
13830	0.0 272.0 8.508287
13851	0.0 150.0 15.653846
13871	0.0 140.0 10.914893
13873	0.0 14.0 7.3333335
13891	0.0 97.0 8.490684
13930	0.0 529.0 22.295698
13931	0.0 166.0 12.382716
13933	0.0 0.0 0.0
13964	30.0 30.0 30.0
13970	0.0 0.0 0.0
14006	15.0 15.0 2.142857
14025	9.0 32.0 18.0
14027	0.0 141.0 11.861344
14057	0.0 185.0 9.9585495
14098	0.0 16.0 5.6923075
14100	0.0 336.0 13.816876
14107	0.0 498.0 10.688499
14108	2.0 217.0 27.121212
14109	14.0 14.0 2.8
14113	2.0 5.0 1.4285715
14122	0.0 368.0 12.641149
14150	5.0 5.0 1.25
14193	0.0 176.0 10.74
14222	0.0 0.0 0.0
14252	0.0 115.0 27.466667
14254	0.0 0.0 0.0
14256	3.0 19.0 4.3333335
14262	1.0 170.0 13.25
14288	4.0 59.0 13.0
14307	1.0 95.0 12.160919
14321	0.0 97.0 10.545455
14457	2.0 108.0 13.315789
14487	3.0 134.0 21.11111
14489	2.0 131.0 23.733334
14492	0.0 165.0 12.956204
14520	7.0 49.0 9.285714
14524	1.0 175.0 10.355371
14543	0.0 138.0 11.846154
14570	0.0 149.0 10.008547
14574	4.0 109.0 12.166667
14576	0.0 163.0 16.088236
14588	2.0 10.0 1.5
14633	0.0 179.0 23.8125
14635	0.0 484.0 12.892734
14674	3.0 36.0 14.444445
14679	0.0 267.0 7.839404
14683	0.0 391.0 15.828
14685	0.0 201.0 12.107142
14689	1.0 152.0 16.867924
14696	0.0 245.0 31.0
14698	0.0 123.0 8.125
14709	0.0 12.0 2.3636363
14711	3.0 33.0 9.857142
14730	0.0 113.0 10.774194
14747	0.0 531.0 11.940842
14771	0.0 556.0 15.542387
14783	0.0 223.0 20.706896
14794	3.0 27.0 3.357143
14814	0.0 63.0 7.6226416
14828	0.0 81.0 13.222222
14831	0.0 206.0 10.70122
14842	0.0 35.0 6.571429
14843	0.0 209.0 13.357466
14869	0.0 475.0 8.081798
14893	0.0 135.0 10.750831
14905	22.0 22.0 4.4
14908	0.0 127.0 5.559727
14952	1.0 51.0 9.5
14960	0.0 200.0 30.5
14986	1.0 178.0 8.411765
15008	1.0 76.0 25.666666
15016	0.0 383.0 13.370646
15024	1.0 167.0 15.76
15027	4.0 12.0 1.7777778
15041	13.0 33.0 9.8
15048	18.0 18.0 6.0
15070	7.0 189.0 33.857143
15096	0.0 110.0 17.342857
15249	0.0 55.0 5.3125
15295	4.0 40.0 12.555555
15304	0.0 513.0 12.58637
15323	1.0 78.0 9.0625
15356	0.0 112.0 23.16
15370	0.0 140.0 11.083969
15376	0.0 167.0 13.5
15380	6.0 223.0 52.533333
15389	1.0 32.0 12.0
15401	12.0 12.0 1.7142857
15411	4.0 149.0 25.1
15412	0.0 239.0 18.862068
15497	0.0 0.0 0.0
15582	3.0 19.0 4.8333335
15607	0.0 50.0 8.75
15624	0.0 79.0 5.5555553
15841	31.0 31.0 10.333333
15919	0.0 119.0 16.219177
15991	0.0 41.0 7.111111
16218	1.0 24.0 6.0
